4294967278,96
4294967278,95
4294967278,94
4294967278,93
4294967278,92
4294967278,91
4294967278,120
4294967278,119
4294967278,117
4294967278,116
4294967278,114
4294967278,112
4294967278,90
4294967278,89
4294967278,87
4294967278,86
4294967278,85
4294967278,84
4294967278,83
4294967278,82
4294967278,81
4294967278,80
4294967278,79
4294967278,78
4294967278,77
4294967278,76
4294967278,75
4294967278,74
4294967278,73
4294967278,72
4294967278,71
4294967278,70
4294967278,69
4294967278,68
4294967278,67
4294967278,66
4294967278,65
4294967278,64
4294967278,63
4294967278,62
4294967278,61
4294967278,60
4294967278,59
4294967278,58
4294967278,57
4294967278,56
4294967278,55
4294967278,54
4294967278,53
4294967278,52
4294967278,51
4294967278,50
4294967278,49
4294967278,48
4294967278,47
4294967278,46
4294967278,45
4294967278,44
4294967278,43
4294967278,42
4294967278,41
4294967278,40
4294967278,39
4294967278,38
4294967278,37
4294967278,36
4294967278,35
4294967278,34
4294967278,33
4294967278,32
4294967278,31
4294967278,30
4294967278,29
4294967278,28
4294967278,27
4294967278,26
4294967278,25
4294967278,24
4294967278,23
4294967278,22
4294967278,21
4294967278,20
4294967278,19
4294967278,18
4294967278,17
4294967278,16
4294967278,15
4294967278,14
4294967278,13
4294967278,12
4294967278,11
4294967278,10
4294967278,9
4294967278,8
4294967278,7
4294967278,6
4294967278,5
4294967278,4
4294967279,132
4294967279,131
4294967279,130
4294967279,129
4294967279,128
4294967279,127
4294967279,126
4294967279,125
4294967279,124
4294967279,123
4294967279,122
4294967279,121
4294967279,120
4294967279,119
4294967279,118
4294967279,117
4294967279,116
4294967279,115
4294967279,113
4294967279,109
4294967279,105
4294967279,103
4294967294,30
4294967294,939
4294967294,938
4294967294,936
4294967294,935
4294967294,930
4294967294,919
4294967294,829
4294967294,827
4294967294,826
4294967294,825
4294967294,824
4294967294,60
4294967278,238
4294967279,237
4294967278,237
4294967294,10
4294967294,966
4294967294,964
4294967294,963
4294967294,962
4294967294,960
4294967294,914
4294967294,913
4294967294,912
4294967294,911
4294967294,909
4294967294,908
4294967294,907
4294967294,906
4294967294,904
4294967294,902
4294967294,899
4294967294,898
4294967294,897
4294967294,436
4294967294,421
4294967294,401
4294967294,190
4294967294,185
4294967294,182
4294967294,176
4294967294,173
4294967294,170
4294967279,114
4294967279,238
4294967278,309
4294967278,113
4294967294,18
4294967294,127
4294967294,14
4294967294,126
4294967294,20
4294967294,13
4294967279,235
4294967278,234
4294967279,112
4294967279,234
4294967279,111
4294967279,231
4294967279,232
4294967279,110
4294967279,230
4294967279,227
4294967279,108
4294967279,226
4294967294,395
4294967294,409
4294967294,413
4294967294,178
4294967294,179
4294967294,385
4294967294,905
4294967294,916
4294967294,403
4294967294,406
4294967294,168
4294967294,410
4294967294,164
4294967294,412
4294967294,454
4294967294,451
4294967294,119
4294967294,466
4294967279,107
4294967279,224
4294967294,910
4294967294,965
4294967294,961
4294967294,163
4294967294,896
4294967294,162
4294967294,161
4294967279,106
4294967279,222
4294967279,219
4294967279,104
4294967279,217
4294967279,218
4294967279,215
4294967279,314
4294967279,102
4294967279,213
13,4
13,3
13,2
13,1
4294967278,308
4294967279,212
4294967279,211
4294967279,313
4294967278,307
4294967279,312
4294967278,306
4294967279,311
4294967279,206
4294967279,205
4294967279,203
4294967279,204
4294967279,310
4294967279,202
4294967279,309
4294967279,308
4294967294,471
4294967279,200
4294967279,307
4294967278,305
4294967279,306
4294967279,198
4294967294,12
4294967279,197
4294967278,304
4294967279,196
4294967279,305
4294967294,89
4294967278,303
4294967279,195
4294967279,194
4294967278,302
4294967279,193
4294967279,304
4294967278,301
4294967279,192
4294967294,8
4294967279,191
4294967279,190
4294967294,5
4294967294,99
4294967294,76
4294967294,41
4294967294,107
4294967294,393
4294967294,390
4294967294,389
4294967294,120
4294967294,114
4294967294,388
4294967294,387
4294967279,189
4294967294,92
4294967294,90
4294967294,88
